strategies/examples/BuyerEdgeStrategy.py
  s_2ee7fc38f521b7::t_263f8b58200198 1094,3053,3074,5606,4236,4254,2679,2746,4221,1202,1235
  s_2ee7fc38f521b7::t_ab22bbefc96e3b 5461
  s_2ee7fc38f521b7::t_8dee44fae9d034 5884,3054,3116,3149,3156,3171,3185,3192,3203,3756,5524,5531,5540,2451,2457,2462,2469,2473,2498,2510,2527,2544,2561,2584,2587,2608,2706,2733,2769,4180,4228,4231,4237,4305,4310,4313,4632,4659,4827,5036,5592,4255,5100,5156,5161,5165,5184,5599,5717,5726,2740,2747,2771,2774,2783,2794,2803,2811,2820,2828,2837,2848,2854,2872,2887,2891,2899,2903,2908,2926,2929,2951,2957,2968,3614,3670,3593,1203,1224,1236,1242-1243,3636,4210,4373,4928,4934,4948,4952,4956,4962,4979,5003,5008,5022,5033,5045,5056,5175,5611,5615,5625,5634,5637,5643,5649,5653,5658,5670,5683
---
{
  "schema_version": "authorship/3.0.0",
  "git_ai_version": "1.5.8",
  "base_commit_sha": "f1e38119964b8b19bd2b456692f6da6e8eb0aeaf",
  "prompts": {},
  "sessions": {
    "s_2ee7fc38f521b7": {
      "agent_id": {
        "tool": "opencode",
        "id": "ses_1648e33cdffeRiYPYXNn1oOpBt",
        "model": "unknown"
      },
      "human_author": "Manoj Verma <71809372+manojvermamv@users.noreply.github.com>"
    }
  }
}