strategies/examples/BuyerEdgeStrategy.py
  s_2ee7fc38f521b7::t_8dee44fae9d034 1188-1189,1568-1569,1576,2009,2029,2041,2047-2048,3469,3475,3480,3487,3491,3516,3528,3554,3581,3610,3613,3638,3766,3793,3800,3807,3829,3831,3834,3843,3854,3863,3871,3880,3888,3897,3908,3914,3932,3947,3951,3959,3963,3968,3986,3991,4013,4019,4031,4112,4174,4207,4214,4229,4243,4250,4261,4651,4672,4685,4719,4806,4944,5015,5199,5393,5425,5443,5446,5452,5470,5520,5524,5527,5763,5853,5881,6050,6147,6153,6167,6172,6176,6182,6199,6223,6228,6258,6273,6276,6285,6296,6339,6355,6360,6367,6695,6767,6774,6783,6835,6842,6854,6858,6868,6877,6880,6886,6892,6896,6901,6913,6927,6962,6971,7129,717,732-733,775,864-865,879,894,905-906,934,960,980,987,995,998-999,1011,1024,1036-1037,1052,1067,1082-1083,1097,1108,1127,1138,1142,1203,1224-1225,1233-1234,1249-1250,1258-1259,1269-1270,1285-1288,1292,1303,1330,1495,1505-1506,1616,1629,1666-1667,1670,1673,1688,1706-1707,1710,1768,1816-1817,1874,1894,1910,1980,2052,2056,2067,2076,2081,2085,2088,2091,2094,2099,2103,2107,2110,2130,2134,2137,2140,2143,2146,2149,5043,5059,5076,5085,5213,5239,5248,5257,5289,5558,6712,6440
  s_2ee7fc38f521b7::t_263f8b58200198 2040,3715,3806,4111,4132,5436,5451,5469,6620,6849,650,716,893,959,994,1023,1066,1117,1329,1767,1815,5279,5633
  s_2ee7fc38f521b7::t_ab22bbefc96e3b 6687
  s_2ee7fc38f521b7::t_db37a94a089257 5767
---
{
  "schema_version": "authorship/3.0.0",
  "git_ai_version": "1.5.8",
  "base_commit_sha": "a404ba0430d372ea03234c3db500874b8d6b5660",
  "prompts": {},
  "sessions": {
    "s_2ee7fc38f521b7": {
      "agent_id": {
        "tool": "opencode",
        "id": "ses_1648e33cdffeRiYPYXNn1oOpBt",
        "model": "unknown"
      },
      "human_author": "Manoj Verma <71809372+manojvermamv@users.noreply.github.com>"
    }
  }
}