strategies/examples/BuyerEdgeStrategy.py
  s_2ee7fc38f521b7::t_263f8b58200198 650,716,893,959,994,1023,1026,1066,1069,1117,1120,1329,1332,1765,1767-1768,1813,1816,2038,2040-2041,3713,3715,3731,3804,3806,3825,4109,4111,4130,4132,4151,5277,5279,5298,5434,5436,5449,5451,5455,5467,5469-5470,5488,5631,5633,5652,5827,6618,6620,6686,6847,6849,6955
  s_2ee7fc38f521b7::t_8dee44fae9d034 717,732-733,775,864-865,879,894,905-906,934,960,980,987,995,998-999,1011-1012,1024,1027,1036-1037,1039-1040,1052,1055,1067,1070,1082-1083,1085-1086,1097,1100,1108,1111,1127,1130,1138,1141-1142,1145,1188-1189,1191-1192,1203,1206,1224-1225,1227-1228,1233-1234,1236-1237,1249-1250,1252-1253,1258-1259,1261-1262,1269-1270,1272-1273,1285-1292,1295,1303,1306,1330,1333,1493,1495-1496,1503-1507,1566-1570,1574,1576-1577,1614,1616-1617,1627,1629-1630,1664-1668,1670-1671,1673-1674,1686,1688-1689,1704-1708,1710-1711,1766,1769,1814-1815,1817-1818,1872,1874-1875,1892,1894-1895,1908,1910-1911,1978,1980-1981,2007,2009-2010,2027,2029-2030,2039,2042,2045-2050,2052-2054,2056-2057,2065,2067-2068,2074,2076-2077,2079,2081-2083,2085-2086,2088-2089,2091-2092,2094-2095,2097,2099-2101,2103-2105,2107-2108,2110-2111,2128,2130-2132,2134-2135,2137-2138,2140-2141,2143-2144,2146-2147,2149-2150,3467,3469,3471,3473,3475,3477-3478,3480,3482,3485,3487,3489,3491,3493,3514,3516,3518,3526,3528,3530,3579,3581,3595,3608,3610-3611,3613,3624,3627,3636,3638,3653,3764,3766,3782,3791,3793,3798,3800,3805,3807,3809,3819,3826-3827,3829,3831-3832,3834,3841,3843,3848,3850,3852-3854,3861-3863,3869,3871,3873,3878,3880,3882,3886,3888,3890,3895,3897,3899,3906-3908,3912,3914,3916,3927,3930,3932-3933,3945,3947,3949,3951,3957,3959,3961,3963,3966,3968,3970,3978,3982,3984,3986-3987,3989,3991,4005,4010-4011,4013,4017,4019,4032,4038,4110,4112,4131,4172,4174,4193,4205,4207,4212,4214,4226-4227,4229,4233,4241,4243,4248,4250,4259,4261-4262,4269,4280,4649,4651,4670,4672,4683,4685,4691,4704,4717,4719,4738,4804,4806,4825,5013,5015,5034,5041,5043,5057,5059,5062,5074,5076,5078,5083,5085,5095,5104,5197,5211,5213,5218,5232,5237,5239,5246,5248,5255,5257-5258,5267,5276,5287,5289,5308,5391,5393,5412,5423,5425,5441,5443-5444,5446,5450,5452,5462,5465,5468,5471,5489,5518,5520,5522,5524-5525,5527,5539,5543,5546,5556,5558,5577,5761,5763,5782,5829,5851,5853,5879,5881,5919,5947,6048,6050,6116,6145,6147,6153,6165,6167,6170,6172,6174,6176,6180,6182,6197,6199,6213,6219,6221,6223,6226,6228,6233,6238,6242,6248,6256,6258,6265,6271,6273-6274,6276,6283,6285,6289,6294,6296,6324,6337,6339,6342,6351,6353,6355,6358,6360,6362,6365,6367,6405,6421,6426,6433,6438,6440,6506,6693,6695,6710,6712,6762,6765,6767,6769,6772,6774,6781,6783,6810,6818,6833,6835,6840,6842,6852,6854,6856,6858,6866,6868,6873,6875,6877-6878,6880,6884,6886,6889-6890,6892,6894,6896,6899,6901,6911,6913,6925,6927,6941,6948,6960,6962,6964,6969,6971,6974,6983,6986,6992,6998,7002,7007,7019,7033,7068,7077,7127,7129,7235
  s_2ee7fc38f521b7::t_db37a94a089257 5765,5767,5833
  s_2ee7fc38f521b7::t_ab22bbefc96e3b 6685,6687,6754
---
{
  "schema_version": "authorship/3.0.0",
  "git_ai_version": "1.5.8",
  "base_commit_sha": "a4404be9f8033e0b069124a472f8975e36a2f410",
  "prompts": {},
  "sessions": {
    "s_2ee7fc38f521b7": {
      "agent_id": {
        "tool": "opencode",
        "id": "ses_1648e33cdffeRiYPYXNn1oOpBt",
        "model": "unknown"
      },
      "human_author": "Manoj Verma <71809372+manojvermamv@users.noreply.github.com>"
    }
  }
}