strategies/examples/BuyerEdgeStrategy.py
  s_2ee7fc38f521b7::t_263f8b58200198 1139,3267,3288,5874,4476,4494,2867,2958,4461,1244,1277,5662
  s_2ee7fc38f521b7::t_ab22bbefc96e3b 5729
  s_2ee7fc38f521b7::t_8dee44fae9d034 6153,3268,3330,3363,3370,3385,3399,3406,3417,3970,5792,5799,5808,2621,2627,2632,2639,2643,2668,2680,2706,2733,2762,2765,2790,2918,2945,2981,4419,4468,4471,4477,4545,4549,4552,4911,4938,5105,5319,5860,4495,5382,5398,5403,5410,5867,5986,5995,2952,2959,2983,2986,2995,3006,3015,3023,3032,3040,3049,3060,3066,3084,3099,3103,3111,3115,3120,3138,3143,3165,3171,3182,3826,3883,3805,1245,1266,1278,1284-1285,3849,4450,4610,5205,5211,5225,5230,5234,5240,5257,5281,5286,5305,5316,5328,5339,5879,5883,5893,5902,5905,5911,5917,5921,5926,5937,5951,2689,2716,2872,2885,4107,6005
---
{
  "schema_version": "authorship/3.0.0",
  "git_ai_version": "1.5.8",
  "base_commit_sha": "2a0ee5bb6c32b072d9dd673906c34f231a86eb52",
  "prompts": {},
  "sessions": {
    "s_2ee7fc38f521b7": {
      "agent_id": {
        "tool": "opencode",
        "id": "ses_1648e33cdffeRiYPYXNn1oOpBt",
        "model": "unknown"
      },
      "human_author": "Manoj Verma <71809372+manojvermamv@users.noreply.github.com>"
    }
  }
}