strategies/examples/BuyerEdgeStrategy.py
  s_2ee7fc38f521b7::t_8dee44fae9d034 1068-1069,1119-1120,1127,1232,1253,1265,1271-1272,2607,2613,2618,2625,2629,2654,2666,2717,2739,2742,2767,2875,2902,2909,2916,2938,2940,2943,2952,2963,2972,2980,2989,2997,3006,3017,3023,3041,3056,3060,3068,3072,3077,3095,3098,3120,3126,3142,3223,3285,3318,3325,3340,3354,3361,3372,3759,3780,3803,3837,3923,4060,4130,4249,4367,4397,4415,4418,4424,4442,4492,4496,4499,4729,4815,4842,5009,5109,5115,5129,5134,5138,5144,5161,5185,5190,5204,5215,5218,5227,5238,5281,5297,5302,5309,5636,5691,5698,5707,5759,5766,5778,5782,5792,5801,5804,5810,5816,5820,5825,5836,5850,5885,5894,6050
  s_2ee7fc38f521b7::t_263f8b58200198 1264,2844,2915,3222,3243,4408,4423,4441,5561,5773
  s_2ee7fc38f521b7::t_ab22bbefc96e3b 5628
---
{
  "schema_version": "authorship/3.0.0",
  "git_ai_version": "1.5.8",
  "base_commit_sha": "dd7deb1f2e284a9a6c5aca5ae1745bcbf25a0d02",
  "prompts": {},
  "sessions": {
    "s_2ee7fc38f521b7": {
      "agent_id": {
        "tool": "opencode",
        "id": "ses_1648e33cdffeRiYPYXNn1oOpBt",
        "model": "unknown"
      },
      "human_author": "Manoj Verma <71809372+manojvermamv@users.noreply.github.com>"
    }
  }
}