strategies/examples/BuyerEdgeStrategy.py
  s_2ee7fc38f521b7::t_271362c5605d2c 60,64
  s_2ee7fc38f521b7::t_79cf43216bca0e 2032,2185,2377,2599,3557,3570,3802,3815,3861,3981,4010,4021,4032,4056,4141,4173,4318,4349,4366,4633,4787,4913,5061,5158,5643,5707,5757
  s_2ee7fc38f521b7::t_17836f5d123261 2137
  s_2ee7fc38f521b7::t_9de3462ce587b2 2416
  s_2ee7fc38f521b7::t_ce98e9181c9e9d 2071
  s_2ee7fc38f521b7::t_62a0a65f3b7f2c 3609,3872,5088,5101,5114,5119,5126,5147,5149
  s_2ee7fc38f521b7::t_fe76723ab00932 3591
  s_2ee7fc38f521b7::t_e7e89d63a2b7c6 3886
  s_2ee7fc38f521b7::t_c63fa0e67dc164 4424
  s_2ee7fc38f521b7::t_214c70799ede96 4547
  s_2ee7fc38f521b7::t_04e7ed4023322b 813,925,1032,1034,1039,2148,2158,2192,2551,2695,2717,2729,2765,2777,2785,2792,2886,2905,2946,2962,2969,2985,3061,3067,3094,3143,3164,3236,3291,3303,3400,3496,3556,3569,3671,3685,3709,3716,3720,3727,3730,3753,3769,3780,3786,3796,3822,3831,3848,3881,3888,3890,3893-3894,3907,3971,3976,3983,4009,4018,4020,4031,4053,4071,4074,4084,4099,4132,4139,4223,4242,4303,4311,4314,4320,4348,4365,4441,4449,4469,4481,4497,4500,4520,4528,4533,4561,4569,4603,4630,4632,4656,4668,4685,4747,4750,4761,4777,4786,4821,4855,4921,4925-4928,4949,4951,4978,4982,5001,5047,5055,5076,5103,5132,5166-5175,5177,5182,5184,5186,5188,5195,5197-5209,5211-5216,5218,5220-5221,5255,5262,5269,5274,5279,5285,5415-5417,5422,5424,5427,5435,5453,5455,5462,5469,5485,5516,5526,5540,5550,5557,5563,5570,5661,5675,5705,5728,5734,5751,5754-5756,5759,5764,5775,5777,5785,5792,5806,5810,5813,5818,5822,5852,5879,5884,5886,5894,5906
  s_2ee7fc38f521b7::t_d8f1f33d1565d2 5093
  s_2ee7fc38f521b7::t_54d0e532f515d7 53-59,61-63,65
  s_2ee7fc38f521b7::t_1260636f0bbfdf 3293
  s_2ee7fc38f521b7::t_69a252c62095f3 5108,5116,5121,5123-5125,5127-5128,5130-5131,5133-5135,5146
  s_2ee7fc38f521b7::t_f219b83aad7dd2 5821
  s_2ee7fc38f521b7::t_d7894015bdcccf 2162
  s_2ee7fc38f521b7::t_6c9a0fae5c53d4 52
  s_2ee7fc38f521b7::t_4c8adfb932d454 2515
  s_2ee7fc38f521b7::t_aac771ca39abd9 4090
  s_2ee7fc38f521b7::t_7cbec8c33101d3 66-80
  s_2ee7fc38f521b7::t_9a57dc38dc1744 5846
  s_2ee7fc38f521b7::t_4d77ba830cfd53 4944
  s_2ee7fc38f521b7::t_a5272cdcf2895f 5248
  s_2ee7fc38f521b7::t_cea0f5612d4fb2 2171
  s_2ee7fc38f521b7::t_4a7f2974b14d6b 3580
  s_2ee7fc38f521b7::t_67b5815a9f7a97 5092,5097,5099
---
{
  "schema_version": "authorship/3.0.0",
  "git_ai_version": "1.5.6",
  "base_commit_sha": "4bdd5d2c70900869cf9e1696105b8c0ae77e0c9d",
  "prompts": {},
  "humans": {
    "h_90988d5629fc41": {
      "author": "Manoj Verma <71809372+manojvermamv@users.noreply.github.com>"
    }
  },
  "sessions": {
    "s_2ee7fc38f521b7": {
      "agent_id": {
        "tool": "opencode",
        "id": "ses_1648e33cdffeRiYPYXNn1oOpBt",
        "model": "unknown"
      },
      "human_author": "Manoj Verma <71809372+manojvermamv@users.noreply.github.com>"
    }
  }
}