strategies/examples/BuyerEdgeStrategy.py
  s_2ee7fc38f521b7::t_263f8b58200198 1126,3222,3243,5773,4423,4441,2844,2915,4408,1231,1264,5561
  s_2ee7fc38f521b7::t_ab22bbefc96e3b 5628
  s_2ee7fc38f521b7::t_8dee44fae9d034 6050,3223,3285,3318,3325,3340,3354,3361,3372,3923,5691,5698,5707,2607,2613,2618,2625,2629,2654,2666,2683,2700,2717,2739,2742,2767,2875,2902,2938,4367,4415,4418,4424,4492,4496,4499,4815,4842,5009,5218,5759,4442,5281,5297,5302,5309,5766,5885,5894,2909,2916,2940,2943,2952,2963,2972,2980,2989,2997,3006,3017,3023,3041,3056,3060,3068,3072,3077,3095,3098,3120,3126,3137,3780,3837,3759,1232,1253,1265,1271-1272,3803,4397,4557,5109,5115,5129,5134,5138,5144,5161,5185,5190,5204,5215,5227,5238,5778,5782,5792,5801,5804,5810,5816,5820,5825,5836,5850
---
{
  "schema_version": "authorship/3.0.0",
  "git_ai_version": "1.5.8",
  "base_commit_sha": "036e78e8cf37e8474d61c94d2c146eee37c8fc0d",
  "prompts": {},
  "sessions": {
    "s_2ee7fc38f521b7": {
      "agent_id": {
        "tool": "opencode",
        "id": "ses_1648e33cdffeRiYPYXNn1oOpBt",
        "model": "unknown"
      },
      "human_author": "Manoj Verma <71809372+manojvermamv@users.noreply.github.com>"
    }
  }
}