strategies/examples/BuyerEdgeStrategy.py
  s_2ee7fc38f521b7::t_263f8b58200198 1576,4130,4151,6955,5470,5488,3731,3825,5455,2041,6686,650,716,893,959,994,1026,1069,1120,1332,1768,1816,5298,5652,5827
  s_2ee7fc38f521b7::t_ab22bbefc96e3b 6754
  s_2ee7fc38f521b7::t_8dee44fae9d034 7235,4131,4193,4226,4233,4248,4262,4269,4280,4825,6873,6880,6889,3471,3477,3482,3489,3493,3518,3530,3568,3595,3624,3627,3653,3782,3809,3848,5412,5462,5465,5471,5539,5543,5546,5919,5947,6116,6342,6941,5489,6405,6421,6426,6433,6948,7068,7077,3819,3826,3850,3853,3862,3873,3882,3890,3899,3907,3916,3927,3933,3951,3966,3970,3978,3982,3987,4005,4010,4032,4038,4049,4691,4738,4670,2042,2048-2049,4704,5444,6213,6219,6233,6238,6242,6248,6265,6289,6294,6324,6339,6351,6362,6960,6964,6974,6983,6986,6992,6998,7002,7007,7019,7033,3539,3578,3736,3749,4962,7087,717,732-733,775,864-865,879,894,905-906,934,960,980,987,995,998-999,1012,1027,1039-1040,1055,1070,1085-1086,1100,1111,1130,1141,1145,1206,1227-1228,1236-1237,1252-1253,1261-1262,1272-1273,1288-1291,1295,1306,1333,1496,1506-1507,1617,1630,1667-1668,1671,1674,1689,1707-1708,1711,1769,1817-1818,1875,1895,1911,1981,2053,2057,2068,2077,2082,2086,2089,2092,2095,2100,2104,2108,2111,2131,2135,2138,2141,2144,2147,2150,5062,5078,5095,5104,5232,5258,5267,5276,5308,5577,6810,6506,5829,6769,6783,6818
  s_2ee7fc38f521b7::t_db37a94a089257 5833
---
{
  "schema_version": "authorship/3.0.0",
  "git_ai_version": "1.5.8",
  "base_commit_sha": "65172511cbfb7230a8052af2df650c1143dfbce6",
  "prompts": {},
  "sessions": {
    "s_2ee7fc38f521b7": {
      "agent_id": {
        "tool": "opencode",
        "id": "ses_1648e33cdffeRiYPYXNn1oOpBt",
        "model": "unknown"
      },
      "human_author": "Manoj Verma <71809372+manojvermamv@users.noreply.github.com>"
    }
  }
}