strategies/examples/BuyerEdgeStrategy.py
  s_2ee7fc38f521b7::t_263f8b58200198 1123,3077,3098,5582,4247,4265,2703,2770,4232,1230,1263
  s_2ee7fc38f521b7::t_ab22bbefc96e3b 5437
  s_2ee7fc38f521b7::t_8dee44fae9d034 5856,3078,3140,3173,3180,3195,3209,3216,3227,3778,5500,5507,5516,2476,2482,2487,2494,2498,2523,2535,2552,2569,2586,2608,2611,2632,2730,2757,2793,4191,4239,4242,4248,4316,4320,4323,4639,4666,4833,5041,5568,4266,5105,5137,5142,5146,5160,5575,5692,5701,2764,2771,2795,2798,2807,2818,2827,2835,2844,2852,2861,2872,2878,2896,2911,2915,2923,2927,2932,2950,2953,2975,2981,2992,3636,3692,3615,1231,1252,1264,1270-1271,3658,4221,4381,4933,4939,4953,4957,4961,4967,4984,5008,5013,5027,5038,5050,5061,5153,5587,5591,5601,5610,5613,5619,5625,5629,5634,5645,5658
---
{
  "schema_version": "authorship/3.0.0",
  "git_ai_version": "1.5.8",
  "base_commit_sha": "057209a5041ebbe0831539edfbaae2ba3e5ddc6d",
  "prompts": {},
  "sessions": {
    "s_2ee7fc38f521b7": {
      "agent_id": {
        "tool": "opencode",
        "id": "ses_1648e33cdffeRiYPYXNn1oOpBt",
        "model": "unknown"
      },
      "human_author": "Manoj Verma <71809372+manojvermamv@users.noreply.github.com>"
    }
  }
}