strategies/examples/BuyerEdgeStrategy.py
  s_2ee7fc38f521b7::t_8dee44fae9d034 1191-1192,1569-1570,1577,2010,2030,2042,2048-2049,3470,3476,3481,3488,3492,3517,3529,3567,3594,3622,3625,3651,3779,3806,3816,3823,3845,3847,3850,3859,3870,3879,3887,3896,3904,3913,3924,3930,3948,3963,3967,3975,3979,3984,4002,4007,4029,4035,4047,4128,4190,4223,4230,4245,4259,4266,4277,4667,4688,4701,4735,4822,4960,5031,5215,5409,5441,5459,5462,5468,5486,5536,5540,5543,5779,5916,5944,6113,6210,6216,6230,6235,6239,6245,6262,6286,6291,6321,6336,6339,6348,6359,6402,6418,6423,6430,6767,6878,6885,6894,6946,6953,6965,6969,6979,6988,6991,6997,7003,7007,7012,7024,7038,7071,7080,7238,717,732-733,775,864-865,879,894,905-906,934,960,980,987,995,998-999,1012,1027,1039-1040,1055,1070,1085-1086,1100,1111,1130,1141,1145,1206,1227-1228,1236-1237,1252-1253,1261-1262,1272-1273,1288-1291,1295,1306,1333,1496,1506-1507,1617,1630,1667-1668,1671,1674,1689,1707-1708,1711,1769,1817-1818,1875,1895,1911,1981,2053,2057,2068,2077,2082,2086,2089,2092,2095,2100,2104,2108,2111,2131,2135,2138,2141,2144,2147,2150,5059,5075,5092,5101,5229,5255,5264,5273,5305,5574,6815,6503,5826,6774,6788,6823
  s_2ee7fc38f521b7::t_263f8b58200198 2041,3728,3822,4127,4148,5452,5467,5485,6691,6960,650,716,893,959,994,1026,1069,1120,1332,1768,1816,5295,5649,5824
  s_2ee7fc38f521b7::t_ab22bbefc96e3b 6759
  s_2ee7fc38f521b7::t_db37a94a089257 5830
---
{
  "schema_version": "authorship/3.0.0",
  "git_ai_version": "1.5.8",
  "base_commit_sha": "e253ff8b4fba6e57e2dc8cac6d1f24688e61eb52",
  "prompts": {},
  "sessions": {
    "s_2ee7fc38f521b7": {
      "agent_id": {
        "tool": "opencode",
        "id": "ses_1648e33cdffeRiYPYXNn1oOpBt",
        "model": "unknown"
      },
      "human_author": "Manoj Verma <71809372+manojvermamv@users.noreply.github.com>"
    }
  }
}