strategies/examples/BuyerEdgeStrategy.py
  s_2ee7fc38f521b7::t_263f8b58200198 650,716,893,959,994,1024,1028,1068,1071,1119,1122,1331,1334,1768,1770-1771,1816,1819,2041,2043-2044,3718,3720,3736,3809,3811,3830,4114,4116,4135,4137,4156,5282,5284,5303,5439,5441,5454,5456,5460,5472,5474-5475,5493,5636,5638,5657,5833,6633,6635,6701,6875,6877,6983,2112-2116,2129,2134
  s_2ee7fc38f521b7::t_8dee44fae9d034 717,732-733,775,864-865,879,894,905-906,934,960,980,987,995,998-999,1012-1013,1026,1029,1038-1039,1041-1042,1054,1057,1069,1072,1084-1085,1087-1088,1099,1102,1110,1113,1129,1132,1140,1143-1144,1147,1190-1191,1193-1194,1205,1208,1226-1227,1229-1230,1235-1236,1238-1239,1251-1252,1254-1255,1260-1261,1263-1264,1271-1272,1274-1275,1287-1294,1297,1305,1308,1332,1335,1495,1497-1498,1505-1509,1569-1573,1577,1579-1580,1617,1619-1620,1630,1632-1633,1667-1671,1673-1674,1676-1677,1689,1691-1692,1707-1711,1713-1714,1769,1772,1817-1818,1820-1821,1875,1877-1878,1895,1897-1898,1911,1913-1914,1981,1983-1984,2010,2012-2013,2030,2032-2033,2042,2045,2048-2053,2055-2057,2059-2060,2068,2070-2071,2077,2079-2080,2082,2084-2086,2088-2089,2091-2092,2094-2095,2097-2098,2100,2102-2104,2106-2108,2110-2111,2119-2120,2137,2139-2141,2143-2144,2146-2147,2149-2150,2152-2153,2155-2156,2158-2159,3475,3477,3479,3481,3483,3485-3486,3488,3490,3493,3495,3497,3499,3501,3521,3523,3525,3533,3535,3537,3586,3588,3602,3614,3616-3617,3619,3630,3633,3642,3644,3659,3769,3771,3787,3796,3798,3803,3805,3810,3812,3814,3824,3831-3832,3834,3836-3837,3839,3846,3848,3853,3855,3857-3859,3866-3868,3874,3876,3878,3883,3885,3887,3891,3893,3895,3900,3902,3904,3911-3913,3917,3919,3921,3932,3935,3937-3938,3950,3952,3954,3956,3962,3964,3966,3968,3971,3973,3975,3983,3987,3989,3991-3992,3994,3996,4010,4015-4016,4018,4022,4024,4037,4043,4115,4117,4136,4177,4179,4198,4210,4212,4217,4219,4231-4232,4234,4238,4246,4248,4253,4255,4264,4266-4267,4274,4285,4654,4656,4675,4677,4688,4690,4696,4709,4722,4724,4743,4809,4811,4830,5018,5020,5039,5046,5048,5062,5064,5067,5079,5081,5083,5088,5090,5100,5109,5202,5216,5218,5223,5237,5242,5244,5251,5253,5260,5262-5263,5272,5281,5292,5294,5313,5396,5398,5417,5428,5430,5446,5448-5449,5451,5455,5457,5467,5470,5473,5476,5494,5523,5525,5527,5529-5530,5532,5544,5548,5551,5561,5563,5582,5767,5769,5788,5835,5857,5859,5885,5887,5925,5953,6054,6056,6123,6152,6154,6160,6172,6174,6177,6179,6181,6183,6187,6189,6204,6206,6220,6226,6228,6230,6233,6235,6240,6245,6249,6255,6263,6265,6272,6278,6280-6281,6283,6290,6292,6296,6301,6303,6331,6344,6346,6349,6358,6360,6362,6365,6367,6369,6372,6374,6412,6428,6433,6440,6445,6447,6513,6708,6710,6725,6727,6790,6793,6795,6797,6800,6802,6809,6811,6838,6846,6861,6863,6868,6870,6880,6882,6884,6886,6894,6896,6901,6903,6905-6906,6908,6912,6914,6917-6918,6920,6922,6924,6927,6929,6939,6941,6953,6955,6969,6976,6988,6990,6992,6997,6999,7002,7011,7014,7020,7026,7030,7035,7047,7061,7094,7103,7153,7155,7261,2117,6782
  s_2ee7fc38f521b7::t_db37a94a089257 5771,5773,5839,5103
  s_2ee7fc38f521b7::t_ab22bbefc96e3b 6700,6702,6769,6772-6780
  s_2ee7fc38f521b7::t_e597993873663e 1562
  s_2ee7fc38f521b7::t_5b4bd89a39d4cb 3502-3505,3509-3512,3516,3519-3520,3526-3527
  s_2ee7fc38f521b7::t_d171ca1f7b0eef 5101
  s_2ee7fc38f521b7::t_6c278b9b73ca9e 5739-5740,5754
  s_2ee7fc38f521b7::t_181242ee4c4124 5884
  s_2ee7fc38f521b7::t_f805b7849112ab 5963
  s_2ee7fc38f521b7::t_6802949ffba965 5980
  s_2ee7fc38f521b7::t_73cfd65e5919e4 6018-6019,6027,6031,6036,6059-6060,6065,6074
  s_2ee7fc38f521b7::t_4dda0fff9d3054 6082,6086,6089,6091,6108,6112,6116-6117,6142,6149,6153,6158
  s_2ee7fc38f521b7::t_79f22254487299 6393
strategies/examples/AGENTS.md
  s_2ee7fc38f521b7::t_f31030e1ca21ba 99-101
---
{
  "schema_version": "authorship/3.0.0",
  "git_ai_version": "1.5.8",
  "base_commit_sha": "24644ae1bd4e31d7f7189109576d5e1a0a358688",
  "prompts": {},
  "sessions": {
    "s_2ee7fc38f521b7": {
      "agent_id": {
        "tool": "opencode",
        "id": "ses_1648e33cdffeRiYPYXNn1oOpBt",
        "model": "unknown"
      },
      "human_author": "Manoj Verma <71809372+manojvermamv@users.noreply.github.com>"
    }
  }
}