strategies/examples/BuyerEdgeStrategy.py
  s_2ee7fc38f521b7::t_8dee44fae9d034 1205-1206,1584-1585,1592,2025,2045,2057,2063-2064,3491,3497,3502,3509,3513,3537,3549,3614,3642,3645,3671,3799,3826,3836,3843,3865,3867,3870,3879,3890,3899,3907,3916,3924,3933,3944,3950,3968,3983,3987,3995,3999,4004,4022,4027,4049,4055,4148,4210,4243,4250,4265,4279,4286,4297,4687,4708,4721,4755,4842,5051,5235,5429,5461,5479,5482,5488,5506,5556,5560,5563,5800,5937,5965,6138,6235,6241,6255,6260,6264,6270,6287,6311,6316,6346,6361,6364,6373,6384,6427,6443,6448,6455,6805,6916,6923,6932,6984,6991,7003,7007,7017,7026,7029,7035,7041,7045,7050,7062,7076,7109,7118,7276,729,744-745,787,876-877,891,906,917-918,946,972,992,999,1007,1010-1011,1025,1041,1053-1054,1069,1084,1099-1100,1114,1125,1144,1155,1159,1220,1241-1242,1250-1251,1266-1267,1275-1276,1286-1287,1302-1305,1309,1320,1347,1510,1520-1521,1632,1645,1682-1683,1686,1689,1704,1722-1723,1726,1784,1832-1833,1890,1910,1926,1996,2068,2072,2083,2092,2097,2101,2104,2107,2110,2115,2119,2123,2132,2152,2156,2159,2162,2165,2168,2171,5079,5095,5112,5121,5249,5275,5284,5293,5325,5594,6853,6528,5847,6812,6826,6861,2129,6797,7277-7279,7284
  s_2ee7fc38f521b7::t_263f8b58200198 2056,3748,3842,4147,4168,5472,5487,5505,6716,6998,662,728,905,971,1006,1040,1083,1134,1346,1783,1831,5315,5669,5845,2124-2128,2141,2146
  s_2ee7fc38f521b7::t_ab22bbefc96e3b 6784,6787-6795
  s_2ee7fc38f521b7::t_db37a94a089257 5851,5115,5169,5173
  s_2ee7fc38f521b7::t_e597993873663e 1574
  s_2ee7fc38f521b7::t_5b4bd89a39d4cb 3514-3517,3521-3524,3528,3531-3532,3538-3539
  s_2ee7fc38f521b7::t_d171ca1f7b0eef 5113
  s_2ee7fc38f521b7::t_6c278b9b73ca9e 5751-5752,5766
  s_2ee7fc38f521b7::t_181242ee4c4124 5896
  s_2ee7fc38f521b7::t_f805b7849112ab 5975
  s_2ee7fc38f521b7::t_6802949ffba965 5992
  s_2ee7fc38f521b7::t_73cfd65e5919e4 6030-6031,6039,6043,6048,6074-6075,6080,6089
  s_2ee7fc38f521b7::t_4dda0fff9d3054 6097,6101,6104,6106,6123,6127,6131-6132,6157,6164,6168,6173
  s_2ee7fc38f521b7::t_79f22254487299 6408
  s_2ee7fc38f521b7::t_fd648ad562c04f 57-67
  s_2ee7fc38f521b7::t_e7f3106267cdff 75-77
  s_2ee7fc38f521b7::t_da9f86948c5fe9 151-154
  s_2ee7fc38f521b7::t_22b29e814a19c3 165-167
  s_2ee7fc38f521b7::t_0b97cf87d96b06 444
  s_2ee7fc38f521b7::t_901a10d778ce75 3501
  s_2ee7fc38f521b7::t_2a470637a7114a 3770,3789,4032
  s_2ee7fc38f521b7::t_59b0cee9f4799f 4014
  s_2ee7fc38f521b7::t_3d3e9b4a0694aa 4519
  s_2ee7fc38f521b7::t_2868bd90a5faae 4609
  s_2ee7fc38f521b7::t_448c842ce09806 4815
  s_2ee7fc38f521b7::t_e713fd214f6672 5185
  s_2ee7fc38f521b7::t_fb2d2e0a97ba4f 5216,5231
  s_2ee7fc38f521b7::t_a77e5ee9deedde 6063,6067,6071-6072
  s_2ee7fc38f521b7::t_1be526c547c634 6309
  s_2ee7fc38f521b7::t_9241a5f328d357 7283
strategies/examples/AGENTS.md
  s_2ee7fc38f521b7::t_f31030e1ca21ba 99-101
  s_2ee7fc38f521b7::t_90fcc3016fa805 102-104
---
{
  "schema_version": "authorship/3.0.0",
  "git_ai_version": "1.5.8",
  "base_commit_sha": "2e732fb0af548ba42a0d42ceec4429cef2ea9b54",
  "prompts": {},
  "sessions": {
    "s_2ee7fc38f521b7": {
      "agent_id": {
        "tool": "opencode",
        "id": "ses_1648e33cdffeRiYPYXNn1oOpBt",
        "model": "unknown"
      },
      "human_author": "Manoj Verma <71809372+manojvermamv@users.noreply.github.com>"
    }
  }
}