strategies/examples/BuyerEdgeStrategy.py
  s_2ee7fc38f521b7::t_263f8b58200198 662,728,905,971,1006,1036,1040,1080,1083,1131,1134,1343,1346,1780,1782-1783,1828,1831,2053,2055-2056,3730,3732,3748,3821,3823,3842,4126,4128,4147,4149,4168,5294,5296,5315,5451,5453,5466,5468,5472,5484,5486-5487,5505,5648,5650,5669,5845,6648,6650,6716,6890,6892,6998,2124-2128,2141,2146
  s_2ee7fc38f521b7::t_8dee44fae9d034 729,744-745,787,876-877,891,906,917-918,946,972,992,999,1007,1010-1011,1024-1025,1038,1041,1050-1051,1053-1054,1066,1069,1081,1084,1096-1097,1099-1100,1111,1114,1122,1125,1141,1144,1152,1155-1156,1159,1202-1203,1205-1206,1217,1220,1238-1239,1241-1242,1247-1248,1250-1251,1263-1264,1266-1267,1272-1273,1275-1276,1283-1284,1286-1287,1299-1306,1309,1317,1320,1344,1347,1507,1509-1510,1517-1521,1581-1585,1589,1591-1592,1629,1631-1632,1642,1644-1645,1679-1683,1685-1686,1688-1689,1701,1703-1704,1719-1723,1725-1726,1781,1784,1829-1830,1832-1833,1887,1889-1890,1907,1909-1910,1923,1925-1926,1993,1995-1996,2022,2024-2025,2042,2044-2045,2054,2057,2060-2065,2067-2069,2071-2072,2080,2082-2083,2089,2091-2092,2094,2096-2098,2100-2101,2103-2104,2106-2107,2109-2110,2112,2114-2116,2118-2120,2122-2123,2131-2132,2149,2151-2153,2155-2156,2158-2159,2161-2162,2164-2165,2167-2168,2170-2171,3487,3489,3491,3493,3495,3497-3498,3500,3502,3505,3507,3509,3511,3513,3533,3535,3537,3545,3547,3549,3598,3600,3614,3626,3628-3629,3631,3642,3645,3654,3656,3671,3781,3783,3799,3808,3810,3815,3817,3822,3824,3826,3836,3843-3844,3846,3848-3849,3851,3858,3860,3865,3867,3869-3871,3878-3880,3886,3888,3890,3895,3897,3899,3903,3905,3907,3912,3914,3916,3923-3925,3929,3931,3933,3944,3947,3949-3950,3962,3964,3966,3968,3974,3976,3978,3980,3983,3985,3987,3995,3999,4001,4003-4004,4006,4008,4022,4027-4028,4030,4034,4036,4049,4055,4127,4129,4148,4189,4191,4210,4222,4224,4229,4231,4243-4244,4246,4250,4258,4260,4265,4267,4276,4278-4279,4286,4297,4666,4668,4687,4689,4700,4702,4708,4721,4734,4736,4755,4821,4823,4842,5030,5032,5051,5058,5060,5074,5076,5079,5091,5093,5095,5100,5102,5112,5121,5214,5228,5230,5235,5249,5254,5256,5263,5265,5272,5274-5275,5284,5293,5304,5306,5325,5408,5410,5429,5440,5442,5458,5460-5461,5463,5467,5469,5479,5482,5485,5488,5506,5535,5537,5539,5541-5542,5544,5556,5560,5563,5573,5575,5594,5779,5781,5800,5847,5869,5871,5897,5899,5937,5965,6068,6070,6138,6167,6169,6175,6187,6189,6192,6194,6196,6198,6202,6204,6219,6221,6235,6241,6243,6245,6248,6250,6255,6260,6264,6270,6278,6280,6287,6293,6295-6296,6298,6305,6307,6311,6316,6318,6346,6359,6361,6364,6373,6375,6377,6380,6382,6384,6387,6389,6427,6443,6448,6455,6460,6462,6528,6723,6725,6740,6742,6805,6808,6810,6812,6815,6817,6824,6826,6853,6861,6876,6878,6883,6885,6895,6897,6899,6901,6909,6911,6916,6918,6920-6921,6923,6927,6929,6932-6933,6935,6937,6939,6942,6944,6954,6956,6968,6970,6984,6991,7003,7005,7007,7012,7014,7017,7026,7029,7035,7041,7045,7050,7062,7076,7109,7118,7168,7170,7276,2129,6797,7277-7279,7284
  s_2ee7fc38f521b7::t_db37a94a089257 5783,5785,5851,5115,5169,5173
  s_2ee7fc38f521b7::t_ab22bbefc96e3b 6715,6717,6784,6787-6795
  s_2ee7fc38f521b7::t_e597993873663e 1574
  s_2ee7fc38f521b7::t_5b4bd89a39d4cb 3514-3517,3521-3524,3528,3531-3532,3538-3539
  s_2ee7fc38f521b7::t_d171ca1f7b0eef 5113
  s_2ee7fc38f521b7::t_6c278b9b73ca9e 5751-5752,5766
  s_2ee7fc38f521b7::t_181242ee4c4124 5896
  s_2ee7fc38f521b7::t_f805b7849112ab 5975
  s_2ee7fc38f521b7::t_6802949ffba965 5992
  s_2ee7fc38f521b7::t_73cfd65e5919e4 6030-6031,6039,6043,6048,6074-6075,6080,6089
  s_2ee7fc38f521b7::t_4dda0fff9d3054 6097,6101,6104,6106,6123,6127,6131-6132,6157,6164,6168,6173
  s_2ee7fc38f521b7::t_79f22254487299 6408
  s_2ee7fc38f521b7::t_fd648ad562c04f 57-67
  s_2ee7fc38f521b7::t_e7f3106267cdff 75-77
  s_2ee7fc38f521b7::t_da9f86948c5fe9 151-154
  s_2ee7fc38f521b7::t_22b29e814a19c3 165-167
  s_2ee7fc38f521b7::t_0b97cf87d96b06 444
  s_2ee7fc38f521b7::t_901a10d778ce75 3501
  s_2ee7fc38f521b7::t_2a470637a7114a 3770,3789,4032
  s_2ee7fc38f521b7::t_59b0cee9f4799f 4014
  s_2ee7fc38f521b7::t_3d3e9b4a0694aa 4519
  s_2ee7fc38f521b7::t_2868bd90a5faae 4609
  s_2ee7fc38f521b7::t_448c842ce09806 4815
  s_2ee7fc38f521b7::t_e713fd214f6672 5185
  s_2ee7fc38f521b7::t_fb2d2e0a97ba4f 5216,5231
  s_2ee7fc38f521b7::t_a77e5ee9deedde 6063,6067,6071-6072
  s_2ee7fc38f521b7::t_1be526c547c634 6309
  s_2ee7fc38f521b7::t_9241a5f328d357 7283
strategies/examples/AGENTS.md
  s_2ee7fc38f521b7::t_f31030e1ca21ba 99-101
  s_2ee7fc38f521b7::t_90fcc3016fa805 102-104
---
{
  "schema_version": "authorship/3.0.0",
  "git_ai_version": "1.5.8",
  "base_commit_sha": "b3b863430e17e07330f9a9abd93949136bc4af8b",
  "prompts": {},
  "sessions": {
    "s_2ee7fc38f521b7": {
      "agent_id": {
        "tool": "opencode",
        "id": "ses_1648e33cdffeRiYPYXNn1oOpBt",
        "model": "unknown"
      },
      "human_author": "Manoj Verma <71809372+manojvermamv@users.noreply.github.com>"
    }
  }
}