strategies/examples/BuyerEdgeStrategy.py
  s_2ee7fc38f521b7::t_263f8b58200198 650,716,893,959,994,1023,1026,1066,1069,1117,1120,1329,1332,1765,1767-1768,1813,1816,2038,2040-2041,3710,3712,3728,3801,3803,3822,4106,4108,4127,4129,4148,5274,5276,5295,5431,5433,5446,5448,5452,5464,5466-5467,5485,5628,5630,5649,5824,6623,6625,6691,6852,6854,6960
  s_2ee7fc38f521b7::t_8dee44fae9d034 717,732-733,775,864-865,879,894,905-906,934,960,980,987,995,998-999,1011-1012,1024,1027,1036-1037,1039-1040,1052,1055,1067,1070,1082-1083,1085-1086,1097,1100,1108,1111,1127,1130,1138,1141-1142,1145,1188-1189,1191-1192,1203,1206,1224-1225,1227-1228,1233-1234,1236-1237,1249-1250,1252-1253,1258-1259,1261-1262,1269-1270,1272-1273,1285-1292,1295,1303,1306,1330,1333,1493,1495-1496,1503-1507,1566-1570,1574,1576-1577,1614,1616-1617,1627,1629-1630,1664-1668,1670-1671,1673-1674,1686,1688-1689,1704-1708,1710-1711,1766,1769,1814-1815,1817-1818,1872,1874-1875,1892,1894-1895,1908,1910-1911,1978,1980-1981,2007,2009-2010,2027,2029-2030,2039,2042,2045-2050,2052-2054,2056-2057,2065,2067-2068,2074,2076-2077,2079,2081-2083,2085-2086,2088-2089,2091-2092,2094-2095,2097,2099-2101,2103-2105,2107-2108,2110-2111,2128,2130-2132,2134-2135,2137-2138,2140-2141,2143-2144,2146-2147,2149-2150,3466,3468,3470,3472,3474,3476-3477,3479,3481,3484,3486,3488,3490,3492,3513,3515,3517,3525,3527,3529,3578,3580,3594,3606,3608-3609,3611,3622,3625,3634,3636,3651,3761,3763,3779,3788,3790,3795,3797,3802,3804,3806,3816,3823-3824,3826,3828-3829,3831,3838,3840,3845,3847,3849-3851,3858-3860,3866,3868,3870,3875,3877,3879,3883,3885,3887,3892,3894,3896,3903-3905,3909,3911,3913,3924,3927,3929-3930,3942,3944,3946,3948,3954,3956,3958,3960,3963,3965,3967,3975,3979,3981,3983-3984,3986,3988,4002,4007-4008,4010,4014,4016,4029,4035,4107,4109,4128,4169,4171,4190,4202,4204,4209,4211,4223-4224,4226,4230,4238,4240,4245,4247,4256,4258-4259,4266,4277,4646,4648,4667,4669,4680,4682,4688,4701,4714,4716,4735,4801,4803,4822,5010,5012,5031,5038,5040,5054,5056,5059,5071,5073,5075,5080,5082,5092,5101,5194,5208,5210,5215,5229,5234,5236,5243,5245,5252,5254-5255,5264,5273,5284,5286,5305,5388,5390,5409,5420,5422,5438,5440-5441,5443,5447,5449,5459,5462,5465,5468,5486,5515,5517,5519,5521-5522,5524,5536,5540,5543,5553,5555,5574,5758,5760,5779,5826,5848,5850,5876,5878,5916,5944,6045,6047,6113,6142,6144,6150,6162,6164,6167,6169,6171,6173,6177,6179,6194,6196,6210,6216,6218,6220,6223,6225,6230,6235,6239,6245,6253,6255,6262,6268,6270-6271,6273,6280,6282,6286,6291,6293,6321,6334,6336,6339,6348,6350,6352,6355,6357,6359,6362,6364,6402,6418,6423,6430,6435,6437,6503,6698,6700,6715,6717,6767,6770,6772,6774,6777,6779,6786,6788,6815,6823,6838,6840,6845,6847,6857,6859,6861,6863,6871,6873,6878,6880,6882-6883,6885,6889,6891,6894-6895,6897,6899,6901,6904,6906,6916,6918,6930,6932,6946,6953,6965,6967,6969,6974,6976,6979,6988,6991,6997,7003,7007,7012,7024,7038,7071,7080,7130,7132,7238
  s_2ee7fc38f521b7::t_db37a94a089257 5762,5764,5830
  s_2ee7fc38f521b7::t_ab22bbefc96e3b 6690,6692,6759
---
{
  "schema_version": "authorship/3.0.0",
  "git_ai_version": "1.5.8",
  "base_commit_sha": "e06a97a7e183cd0bbe87e64d36d0c0128bfa6b39",
  "prompts": {},
  "sessions": {
    "s_2ee7fc38f521b7": {
      "agent_id": {
        "tool": "opencode",
        "id": "ses_1648e33cdffeRiYPYXNn1oOpBt",
        "model": "unknown"
      },
      "human_author": "Manoj Verma <71809372+manojvermamv@users.noreply.github.com>"
    }
  }
}