strategies/examples/BuyerEdgeStrategy.py
  s_2ee7fc38f521b7::t_263f8b58200198 1122,3212,3233,5770,4414,4432,2838,2905,4399,1229,1262
  s_2ee7fc38f521b7::t_ab22bbefc96e3b 5625
  s_2ee7fc38f521b7::t_8dee44fae9d034 6047,3213,3275,3308,3315,3330,3344,3351,3362,3914,5688,5695,5704,2605,2611,2616,2623,2627,2652,2664,2681,2698,2715,2737,2740,2761,2865,2892,2928,4358,4406,4409,4415,4483,4487,4490,4806,4833,5000,5209,5756,4433,5273,5305,5310,5314,5328,5763,5882,5891,2899,2906,2930,2933,2942,2953,2962,2970,2979,2987,2996,3007,3013,3031,3046,3050,3058,3062,3067,3085,3088,3110,3116,3127,3771,3828,3750,1230,1251,1263,1269-1270,3794,4388,4548,5100,5106,5120,5125,5129,5135,5152,5176,5181,5195,5206,5218,5229,5321,5775,5779,5789,5798,5801,5807,5813,5817,5822,5833,5847
---
{
  "schema_version": "authorship/3.0.0",
  "git_ai_version": "1.5.8",
  "base_commit_sha": "1003008b52722bc030d2c1f8de08ed9334be70bf",
  "prompts": {},
  "sessions": {
    "s_2ee7fc38f521b7": {
      "agent_id": {
        "tool": "opencode",
        "id": "ses_1648e33cdffeRiYPYXNn1oOpBt",
        "model": "unknown"
      },
      "human_author": "Manoj Verma <71809372+manojvermamv@users.noreply.github.com>"
    }
  }
}