strategies/examples/BuyerEdgeStrategy.py
  s_2ee7fc38f521b7::t_263f8b58200198 1573,4109,4130,6847,5449,5467,3713,3804,5434,2038,6618,650,716,893,959,994,1023,1066,1117,1329,1765,1813,5277,5631
  s_2ee7fc38f521b7::t_ab22bbefc96e3b 6685
  s_2ee7fc38f521b7::t_8dee44fae9d034 7127,4110,4172,4205,4212,4227,4241,4248,4259,4804,6765,6772,6781,3467,3473,3478,3485,3489,3514,3526,3552,3579,3608,3611,3636,3764,3791,3827,5391,5441,5444,5450,5518,5522,5525,5851,5879,6048,6274,6833,5468,6337,6353,6358,6365,6840,6960,6969,3798,3805,3829,3832,3841,3852,3861,3869,3878,3886,3895,3906,3912,3930,3945,3949,3957,3961,3966,3984,3989,4011,4017,4028,4670,4717,4649,2039,2045-2046,4683,5423,6145,6151,6165,6170,6174,6180,6197,6221,6226,6256,6271,6283,6294,6852,6856,6866,6875,6878,6884,6890,6894,6899,6911,6925,3535,3562,3718,3731,4941,6979,717,732-733,775,864-865,879,894,905-906,934,960,980,987,995,998-999,1011,1024,1036-1037,1052,1067,1082-1083,1097,1108,1127,1138,1142,1203,1224-1225,1233-1234,1249-1250,1258-1259,1269-1270,1285-1288,1292,1303,1330,1493,1503-1504,1614,1627,1664-1665,1668,1671,1686,1704-1705,1708,1766,1814-1815,1872,1892,1908,1978,2050,2054,2065,2074,2079,2083,2086,2089,2092,2097,2101,2105,2108,2128,2132,2135,2138,2141,2144,2147,5041,5057,5074,5083,5211,5237,5246,5255,5287,5556,6710,6438
  s_2ee7fc38f521b7::t_db37a94a089257 5765
---
{
  "schema_version": "authorship/3.0.0",
  "git_ai_version": "1.5.8",
  "base_commit_sha": "9ee23acc4b591b2dddf4bdfbba75934a7b85f0e8",
  "prompts": {},
  "sessions": {
    "s_2ee7fc38f521b7": {
      "agent_id": {
        "tool": "opencode",
        "id": "ses_1648e33cdffeRiYPYXNn1oOpBt",
        "model": "unknown"
      },
      "human_author": "Manoj Verma <71809372+manojvermamv@users.noreply.github.com>"
    }
  }
}