strategies/examples/BuyerEdgeStrategy.py
  s_2ee7fc38f521b7::t_263f8b58200198 1129,3111,3132,5648,4313,4331,2737,2804,4298,1236,1269
  s_2ee7fc38f521b7::t_ab22bbefc96e3b 5503
  s_2ee7fc38f521b7::t_8dee44fae9d034 5923,3112,3174,3207,3214,3229,3243,3250,3261,3812,5566,5573,5582,2510,2516,2521,2528,2532,2557,2569,2586,2603,2620,2642,2645,2666,2764,2791,2827,4257,4305,4308,4314,4382,4386,4389,4705,4732,4899,5107,5634,4332,5171,5203,5208,5212,5226,5641,5759,5768,2798,2805,2829,2832,2841,2852,2861,2869,2878,2886,2895,2906,2912,2930,2945,2949,2957,2961,2966,2984,2987,3009,3015,3026,3670,3726,3649,1237,1258,1270,1276-1277,3692,4287,4447,4999,5005,5019,5023,5027,5033,5050,5074,5079,5093,5104,5116,5127,5219,5653,5657,5667,5676,5679,5685,5691,5695,5700,5711,5724
---
{
  "schema_version": "authorship/3.0.0",
  "git_ai_version": "1.5.8",
  "base_commit_sha": "da5f693811b9efd533d53ee8cca0052463312b0f",
  "prompts": {},
  "sessions": {
    "s_2ee7fc38f521b7": {
      "agent_id": {
        "tool": "opencode",
        "id": "ses_1648e33cdffeRiYPYXNn1oOpBt",
        "model": "unknown"
      },
      "human_author": "Manoj Verma <71809372+manojvermamv@users.noreply.github.com>"
    }
  }
}