strategies/examples/BuyerEdgeStrategy.py
  s_2ee7fc38f521b7::t_263f8b58200198 1054,2847,2868,5178,3956,3974,2483,2546,3941
  s_2ee7fc38f521b7::t_ab22bbefc96e3b 5033
  s_2ee7fc38f521b7::t_8dee44fae9d034 5378,2848,2910,2943,2950,2965,2979,2986,2997,3509,5096,5103,5112,2262,2268,2273,2280,2284,2306,2316,2331,2348,2365,2388,2391,2412,2506,2533,2569,3903,3948,3951,3957,4025,4030,4033,4333,4357,4519,4685,5164,3975,4730,4739,4744,4748,4756,5171,5212,5221,2540,2547,2571,2574,2583,2594,2603,2611,2620,2628,2637,2648,2654,2672,2687,2691,2699,2703,2708,2722,2725,2745,2751,2762,3391,3423
---
{
  "schema_version": "authorship/3.0.0",
  "git_ai_version": "1.5.8",
  "base_commit_sha": "5d796ee4300a1a589783b70105cff6463030bc47",
  "prompts": {},
  "sessions": {
    "s_2ee7fc38f521b7": {
      "agent_id": {
        "tool": "opencode",
        "id": "ses_1648e33cdffeRiYPYXNn1oOpBt",
        "model": "unknown"
      },
      "human_author": "Manoj Verma <71809372+manojvermamv@users.noreply.github.com>"
    }
  }
}