strategies/examples/BuyerEdgeStrategy.py
  s_2ee7fc38f521b7::t_263f8b58200198 1579,4135,4156,6983,5475,5493,3736,3830,5460,2044,6701,650,716,893,959,994,1028,1071,1122,1334,1771,1819,5303,5657,5833,2112-2116,2129,2134
  s_2ee7fc38f521b7::t_ab22bbefc96e3b 6769,6772-6780
  s_2ee7fc38f521b7::t_8dee44fae9d034 7261,4136,4198,4231,4238,4253,4267,4274,4285,4830,6901,6908,6917,3479,3485,3490,3497,3501,3525,3537,3575,3602,3630,3633,3659,3787,3814,3853,5417,5467,5470,5476,5544,5548,5551,5925,5953,6123,6349,6969,5494,6412,6428,6433,6440,6976,7094,7103,3824,3831,3855,3858,3867,3878,3887,3895,3904,3912,3921,3932,3938,3956,3971,3975,3983,3987,3992,4010,4015,4037,4043,4054,4696,4743,4675,2045,2051-2052,4709,5449,6220,6226,6240,6245,6249,6255,6272,6296,6301,6331,6346,6358,6369,6988,6992,7002,7011,7014,7020,7026,7030,7035,7047,7061,3546,3585,3741,3754,4967,7113,717,732-733,775,864-865,879,894,905-906,934,960,980,987,995,998-999,1013,1029,1041-1042,1057,1072,1087-1088,1102,1113,1132,1143,1147,1208,1229-1230,1238-1239,1254-1255,1263-1264,1274-1275,1290-1293,1297,1308,1335,1498,1508-1509,1620,1633,1670-1671,1674,1677,1692,1710-1711,1714,1772,1820-1821,1878,1898,1914,1984,2056,2060,2071,2080,2085,2089,2092,2095,2098,2103,2107,2111,2120,2140,2144,2147,2150,2153,2156,2159,5067,5083,5100,5109,5237,5263,5272,5281,5313,5582,6838,6513,5835,6797,6811,6846,2117,6782
  s_2ee7fc38f521b7::t_db37a94a089257 5839,5103
  s_2ee7fc38f521b7::t_e597993873663e 1562
  s_2ee7fc38f521b7::t_5b4bd89a39d4cb 3502-3505,3509-3512,3516,3519-3520,3526-3527
  s_2ee7fc38f521b7::t_d171ca1f7b0eef 5101
  s_2ee7fc38f521b7::t_6c278b9b73ca9e 5739-5740,5754
  s_2ee7fc38f521b7::t_181242ee4c4124 5884
  s_2ee7fc38f521b7::t_f805b7849112ab 5963
  s_2ee7fc38f521b7::t_6802949ffba965 5980
  s_2ee7fc38f521b7::t_73cfd65e5919e4 6018-6019,6027,6031,6036,6059-6060,6065,6074
  s_2ee7fc38f521b7::t_4dda0fff9d3054 6082,6086,6089,6091,6108,6112,6116-6117,6142,6149,6153,6158
  s_2ee7fc38f521b7::t_79f22254487299 6393
strategies/examples/AGENTS.md
  s_2ee7fc38f521b7::t_f31030e1ca21ba 99-101
---
{
  "schema_version": "authorship/3.0.0",
  "git_ai_version": "1.5.8",
  "base_commit_sha": "1a3939b259bea840b60ccbd6d49748d594db88b0",
  "prompts": {},
  "sessions": {
    "s_2ee7fc38f521b7": {
      "agent_id": {
        "tool": "opencode",
        "id": "ses_1648e33cdffeRiYPYXNn1oOpBt",
        "model": "unknown"
      },
      "human_author": "Manoj Verma <71809372+manojvermamv@users.noreply.github.com>"
    }
  }
}