strategies/examples/BuyerEdgeStrategy.py
  s_2ee7fc38f521b7::t_263f8b58200198 1586,4122,4143,6852,5462,5480,3726,3817,5447,2051,6627,665,731,908,974,1009,1038,1081,1132,1344,1778,1826,5290,5644
  s_2ee7fc38f521b7::t_ab22bbefc96e3b 6694
  s_2ee7fc38f521b7::t_8dee44fae9d034 7132,4123,4185,4218,4225,4240,4254,4261,4272,4817,6770,6777,6786,3480,3486,3491,3498,3502,3527,3539,3565,3592,3621,3624,3649,3777,3804,3840,5404,5454,5457,5463,5531,5535,5538,5864,5892,6061,6287,6838,5481,6350,6366,6371,6378,6845,6965,6974,3811,3818,3842,3845,3854,3865,3874,3882,3891,3899,3908,3919,3925,3943,3958,3962,3970,3974,3979,3997,4002,4024,4030,4041,4683,4730,4662,2052,2058-2059,4696,5436,6158,6164,6178,6183,6187,6193,6210,6234,6239,6269,6284,6296,6307,6857,6861,6871,6880,6883,6889,6895,6899,6904,6916,6930,3548,3575,3731,3744,4954,6984,732,747-748,790,879-880,894,909,920-921,949,975,995,1002,1010,1013-1014,1026,1039,1051-1052,1067,1082,1097-1098,1112,1123,1142,1153,1157,1218,1239-1240,1248-1249,1264-1265,1273-1274,1284-1285,1300-1303,1307,1318,1345,1506,1516-1517,1627,1640,1677-1678,1681,1684,1699,1717-1718,1721,1779,1827-1828,1885,1905,1921,1991,2063,2067,2078,2087,2092,2096,2099,2102,2105,2110,2114,2118,2121,2141,2145,2148,2151,2154,2157,2160,5054,5070,5087,5096,5224,5250,5259,5268,5300,5569,6715
---
{
  "schema_version": "authorship/3.0.0",
  "git_ai_version": "1.5.8",
  "base_commit_sha": "76245bc2eeb1261e83c7cbc7225e4e4833a43e80",
  "prompts": {},
  "sessions": {
    "s_2ee7fc38f521b7": {
      "agent_id": {
        "tool": "opencode",
        "id": "ses_1648e33cdffeRiYPYXNn1oOpBt",
        "model": "unknown"
      },
      "human_author": "Manoj Verma <71809372+manojvermamv@users.noreply.github.com>"
    }
  }
}