strategies/examples/BuyerEdgeStrategy.py
  s_2ee7fc38f521b7::t_8dee44fae9d034 1071-1072,1132-1133,1140,1245,1266,1278,1284-1285,2621,2627,2632,2639,2643,2668,2680,2706,2733,2762,2765,2790,2918,2945,2952,2959,2981,2983,2986,2995,3006,3015,3023,3032,3040,3049,3060,3066,3084,3099,3103,3111,3115,3120,3138,3143,3165,3171,3183,3268,3330,3363,3370,3385,3399,3406,3417,3805,3826,3849,3883,3970,4108,4182,4301,4419,4450,4468,4471,4477,4495,4545,4549,4552,4824,4911,4938,5105,5205,5211,5225,5230,5234,5240,5257,5281,5286,5305,5316,5319,5328,5339,5382,5398,5403,5410,5737,5792,5799,5808,5860,5867,5879,5883,5893,5902,5905,5911,5917,5921,5926,5937,5951,5986,5995,6153
  s_2ee7fc38f521b7::t_263f8b58200198 1277,2867,2958,3267,3288,4461,4476,4494,5662,5874
  s_2ee7fc38f521b7::t_ab22bbefc96e3b 5729
---
{
  "schema_version": "authorship/3.0.0",
  "git_ai_version": "1.5.8",
  "base_commit_sha": "baf386e06a868c98a3cf52dd56df24e83a6ecbe9",
  "prompts": {},
  "sessions": {
    "s_2ee7fc38f521b7": {
      "agent_id": {
        "tool": "opencode",
        "id": "ses_1648e33cdffeRiYPYXNn1oOpBt",
        "model": "unknown"
      },
      "human_author": "Manoj Verma <71809372+manojvermamv@users.noreply.github.com>"
    }
  }
}